652.00,555.71,513.55,526.40,525.61,525.61,526.35,143.51,259.40,413.34,429.12,276.53,306.68,381.55,191.15,0.00,235.35,336.14,0.00,0.00,220.03,200.42,506.62,468.29,389.60,513.88,510.23,527.69,182.18,0.00,395.05,0.00,281.98,504.42,523.13,524.92,514.84,248.11,425.67,210.42,503.86,380.02,379.79,447.04,425.13,437.47,392.69,473.61,522.32,460.40,349.93,473.70,338.10,381.31,289.50,527.27,291.60,384.84,449.37,309.86,262.34,241.33,510.41,235.54,301.64,468.14,364.14,503.02,174.57,332.98,415.57,393.82,431.25,398.49,410.41,454.61,462.99,459.53,436.05,268.77,344.54,487.90
555.71,652.00,554.10,574.56,573.29,573.30,573.99,152.64,271.43,434.79,452.26,286.73,318.76,399.06,200.30,0.00,244.50,349.43,0.00,0.00,228.95,211.11,539.31,497.18,407.74,547.58,542.99,572.27,190.39,0.00,412.36,0.00,293.49,540.03,560.95,564.28,549.49,257.61,444.65,220.70,541.70,397.59,397.09,471.02,444.42,460.08,409.34,503.52,563.45,483.13,365.46,501.61,352.89,398.83,302.23,575.98,304.48,402.54,472.90,324.47,275.10,251.94,546.93,244.61,315.88,497.00,381.66,533.22,183.36,346.14,433.61,410.26,451.23,417.17,428.07,479.38,489.02,486.87,458.69,281.06,358.38,517.91
513.55,554.10,652.00,579.39,574.27,574.27,589.99,154.46,272.91,435.14,454.79,288.29,319.55,401.17,201.52,0.00,245.88,351.09,0.00,0.00,230.29,211.90,539.99,497.68,409.38,542.92,542.91,573.23,191.60,0.00,414.58,0.00,295.16,541.08,558.83,565.15,547.08,259.12,447.00,221.43,542.39,400.97,399.39,475.29,448.19,464.89,411.50,506.65,568.09,485.86,367.16,502.12,354.58,400.83,303.76,576.99,306.04,404.56,475.89,326.16,276.67,253.42,554.23,246.08,317.61,499.90,383.76,536.74,185.31,348.88,437.16,412.20,451.61,419.11,430.39,479.82,489.49,487.34,461.40,283.27,361.22,518.49
526.40,574.56,579.39,652.00,620.56,620.57,612.78,157.88,278.33,447.12,465.75,293.93,325.76,409.57,206.10,0.00,250.94,358.16,0.00,0.00,235.14,216.58,565.44,515.02,418.64,565.68,563.09,618.07,196.07,0.00,423.48,0.00,300.82,563.33,587.29,602.11,571.28,264.27,457.61,226.07,568.57,408.04,407.51,486.03,457.37,474.16,420.32,522.24,600.67,499.32,374.69,520.06,361.73,409.32,309.75,628.06,312.05,413.20,488.08,332.51,282.07,258.50,575.63,251.06,323.72,514.82,391.46,557.65,188.95,354.77,445.87,421.28,464.64,428.53,440.01,495.18,505.87,503.47,472.66,288.15,367.38,538.98
525.61,573.29,574.27,620.56,652.00,651.80,610.33,157.68,278.07,446.64,465.22,293.65,325.46,409.16,205.88,0.00,250.69,357.83,0.00,0.00,234.91,216.35,564.30,514.30,418.22,564.54,561.99,615.27,195.85,0.00,423.05,0.00,300.54,562.22,585.77,600.17,570.07,264.01,458.22,225.84,567.39,407.63,407.11,485.43,456.86,473.61,419.89,521.48,598.78,498.67,374.33,519.31,361.39,408.92,309.46,624.24,311.76,412.79,487.47,332.20,281.80,258.25,574.34,250.81,323.42,514.10,391.08,556.61,188.74,354.44,445.39,420.85,464.11,428.09,439.55,494.55,505.19,502.81,472.11,287.87,367.03,538.11
525.61,573.30,574.27,620.57,651.80,652.00,610.34,157.68,278.07,446.64,465.22,293.65,325.46,409.16,205.88,0.00,250.69,357.83,0.00,0.00,234.91,216.35,564.30,514.30,418.22,564.55,561.99,615.28,195.85,0.00,423.05,0.00,300.54,562.22,585.78,600.17,570.07,264.01,458.22,225.84,567.39,407.63,407.11,485.43,456.86,473.61,419.89,521.48,598.78,498.67,374.33,519.31,361.39,408.92,309.46,624.24,311.76,412.79,487.47,332.20,281.80,258.25,574.34,250.81,323.42,514.11,391.08,556.61,188.74,354.44,445.39,420.85,464.11,428.09,439.55,494.55,505.19,502.81,472.11,287.87,367.03,538.11
526.35,573.99,589.99,612.78,610.33,610.34,652.00,157.12,277.33,445.31,463.75,292.88,324.62,408.03,205.26,0.00,250.01,356.89,0.00,0.00,234.25,215.72,561.22,512.32,417.04,561.46,558.98,608.43,195.25,0.00,421.85,0.00,299.76,559.21,581.75,595.11,566.78,263.30,455.69,225.19,564.20,406.51,405.99,483.79,455.45,472.07,418.71,519.39,593.84,496.89,373.35,517.25,360.44,407.79,308.66,615.66,310.96,411.64,485.81,331.34,281.06,257.55,570.88,250.12,322.58,512.12,390.03,553.77,188.14,353.51,444.06,419.66,462.65,426.87,438.26,492.81,503.33,500.98,470.59,287.12,366.07,535.72
143.51,152.64,154.46,157.88,157.68,157.68,157.12,652.00,125.02,123.82,150.15,78.67,90.53,124.47,4.30,0.00,35.15,84.41,0.00,0.00,22.02,7.38,151.14,142.21,111.76,151.19,151.11,157.52,-0.27,0.00,113.25,0.00,57.28,151.27,154.45,156.16,152.12,40.14,125.08,26.24,151.68,105.97,106.96,134.82,126.06,131.79,110.51,142.71,156.02,136.77,90.79,142.57,88.04,107.64,60.18,158.10,61.01,110.29,135.11,71.18,50.66,41.55,153.59,32.30,67.44,142.06,101.68,150.31,3.32,88.08,123.61,110.98,129.34,115.95,123.36,135.16,138.13,140.13,136.23,61.01,101.43,146.91
259.40,271.43,272.91,278.33,278.07,278.07,277.33,125.02,652.00,231.46,252.60,162.40,177.52,228.84,81.92,0.00,118.92,181.64,0.00,0.00,101.61,88.49,269.47,255.56,216.50,269.52,268.93,277.85,73.42,0.00,217.85,0.00,145.28,269.53,273.81,276.07,270.75,132.54,232.71,107.82,270.17,210.42,209.60,247.46,235.48,243.55,215.89,258.42,275.87,249.92,189.89,258.15,183.92,210.28,150.47,278.62,153.38,212.45,246.05,165.95,137.65,125.20,272.61,115.60,165.53,256.95,200.96,267.63,78.80,186.55,234.50,219.31,239.94,223.46,231.44,249.51,254.10,254.14,249.23,150.80,199.50,263.17
413.34,434.79,435.14,447.12,446.64,446.64,445.31,123.82,231.46,652.00,381.64,241.78,268.99,335.84,162.88,0.00,203.43,296.52,0.00,0.00,189.21,172.49,431.37,407.16,343.44,431.47,430.99,446.24,155.08,0.00,346.38,0.00,246.95,430.53,438.99,443.02,433.60,215.74,370.98,182.01,432.58,335.14,334.26,389.83,371.25,382.90,344.00,411.12,442.67,398.04,309.03,409.94,298.50,336.30,254.70,447.65,257.57,339.35,391.95,273.51,230.06,210.89,435.16,203.66,266.65,407.72,322.91,428.20,148.20,292.71,364.32,345.27,376.90,350.13,359.23,395.53,401.92,400.52,382.30,238.51,304.09,419.71
429.12,452.26,454.79,465.75,465.22,465.22,463.75,150.15,252.60,381.64,652.00,258.69,282.39,354.66,175.07,0.00,217.08,308.46,0.00,0.00,201.32,184.03,448.55,422.52,356.66,448.65,447.54,464.78,164.50,0.00,359.90,0.00,259.38,447.64,456.84,461.24,450.97,226.27,386.50,193.08,449.86,348.79,348.33,406.75,386.36,398.86,357.39,428.24,460.86,413.83,321.53,425.49,310.32,349.64,265.72,466.33,268.15,352.56,407.11,285.91,243.55,222.09,454.29,214.59,278.03,423.81,337.59,445.12,160.28,307.47,381.83,360.51,391.21,366.03,374.38,410.15,416.94,415.44,398.43,249.19,323.50,437.10
276.53,286.73,288.29,293.93,293.65,293.65,292.88,78.67,162.40,241.78,258.69,652.00,217.23,263.59,94.44,0.00,129.72,198.49,0.00,0.00,121.30,104.18,286.54,272.55,231.88,286.58,286.29,294.41,88.74,0.00,235.52,0.00,162.09,284.94,291.07,293.42,287.86,145.86,251.69,118.61,285.41,223.05,222.81,261.91,250.61,257.32,229.28,273.20,292.52,268.16,205.16,272.35,196.47,223.46,161.39,294.23,163.88,225.59,261.95,177.29,150.68,141.36,289.07,131.05,179.15,271.37,218.54,285.96,95.15,199.27,253.32,237.06,255.78,239.33,249.19,268.86,270.07,270.71,265.57,164.42,215.67,280.72
306.68,318.76,319.55,325.76,325.46,325.46,324.62,90.53,177.52,268.99,282.39,217.23,652.00,286.74,111.23,0.00,149.77,220.24,0.00,0.00,137.39,116.72,317.67,301.01,255.52,317.71,317.05,326.30,105.39,0.00,259.78,0.00,182.09,315.85,322.63,325.21,319.11,165.95,279.40,136.88,316.44,250.74,249.13,289.73,276.99,286.01,256.26,303.11,324.22,297.62,230.69,302.85,222.00,251.35,185.18,326.10,186.65,253.78,291.73,197.86,168.23,158.34,320.42,150.17,199.17,300.25,243.96,317.01,112.64,227.32,279.13,260.97,286.79,270.31,280.04,297.12,300.01,300.60,296.01,190.05,244.06,312.66
381.55,399.06,401.17,409.57,409.16,409.16,408.03,124.47,228.84,335.84,354.66,263.59,286.74,652.00,155.51,0.00,190.75,277.76,0.00,0.00,179.21,160.72,397.15,377.37,320.85,397.22,396.35,409.93,145.00,0.00,322.02,0.00,230.64,395.39,403.70,407.14,399.06,206.52,348.27,176.23,397.16,312.29,310.24,362.14,348.69,355.56,320.26,379.79,407.07,371.04,285.79,377.42,275.92,311.32,234.56,410.01,236.46,314.06,363.26,255.85,219.70,199.99,403.25,190.45,251.80,377.46,304.18,395.89,146.08,279.80,344.03,327.11,355.48,330.49,342.25,369.28,374.50,374.41,363.10,227.16,292.87,390.96
191.15,200.30,201.52,206.10,205.88,205.88,205.26,4.30,81.92,162.88,175.07,94.44,111.23,155.51,652.00,0.00,95.41,143.10,0.00,0.00,106.53,68.99,199.44,192.39,165.18,199.47,199.27,206.51,66.29,0.00,163.67,0.00,137.85,199.73,203.09,204.98,200.51,76.13,173.01,55.66,199.23,147.36,147.90,179.10,169.61,175.49,151.82,189.27,204.99,183.65,130.41,189.24,123.37,148.27,94.55,206.34,94.50,149.64,180.08,107.85,86.01,72.39,202.19,66.49,109.98,187.48,144.47,198.11,20.51,125.84,165.26,155.67,173.38,157.73,164.60,181.56,184.31,182.85,175.84,82.74,131.05,194.83
0.00,0.00,0.00,0.00,0.00,0.00,0.00,0.00,0.00,0.00,0.00,0.00,0.00,0.00,0.00,652.00,0.00,0.00,0.00,0.00,0.00,0.00,0.00,0.00,0.00,0.00,0.00,0.00,0.00,0.00,0.00,0.00,0.00,0.00,0.00,0.00,0.00,0.00,0.00,0.00,0.00,0.00,0.00,0.00,0.00,0.00,0.00,0.00,0.00,0.00,0.00,0.00,0.00,0.00,0.00,0.00,0.00,0.00,0.00,0.00,0.00,0.00,0.00,0.00,0.00,0.00,0.00,0.00,0.00,0.00,0.00,0.00,0.00,0.00,0.00,0.00,0.00,0.00,0.00,0.00,0.00,0.00
235.35,244.50,245.88,250.94,250.69,250.69,250.01,35.15,118.92,203.43,217.08,129.72,149.77,190.75,95.41,0.00,652.00,211.93,0.00,0.00,118.20,97.76,244.89,232.39,203.30,245.15,244.24,251.40,95.48,0.00,211.53,0.00,163.35,245.02,249.23,250.51,245.53,112.60,211.61,86.21,243.32,187.95,185.64,222.61,211.77,218.76,193.14,232.71,249.71,226.99,168.16,231.55,161.94,187.48,129.99,251.21,130.85,189.07,222.35,146.54,119.30,108.53,246.61,100.66,146.91,231.37,181.14,243.06,55.51,163.76,209.80,198.30,215.59,197.83,209.75,223.79,226.84,226.60,217.59,119.57,170.90,238.47
336.14,349.43,351.09,358.16,357.83,357.83,356.89,84.41,181.64,296.52,308.46,198.49,220.24,277.76,143.10,0.00,211.93,652.00,0.00,0.00,160.99,144.72,349.17,331.24,283.36,349.22,349.93,358.79,136.34,0.00,292.91,0.00,219.84,347.18,354.65,357.51,351.64,172.94,308.03,143.89,347.84,273.37,271.96,316.75,304.28,311.68,280.92,333.07,356.48,326.16,250.59,331.13,242.16,273.65,203.38,358.53,205.72,276.20,320.02,220.40,182.46,170.50,352.13,163.68,216.45,330.61,264.55,347.43,110.66,243.01,300.67,286.84,308.03,287.19,298.04,321.53,326.04,324.99,311.26,189.57,250.32,342.29
0.00,0.00,0.00,0.00,0.00,0.00,0.00,0.00,0.00,0.00,0.00,0.00,0.00,0.00,0.00,0.00,0.00,0.00,652.00,,0.00,0.00,0.00,0.00,0.00,0.00,0.00,0.00,0.00,0.00,0.00,0.00,0.00,0.00,0.00,0.00,0.00,0.00,0.00,0.00,0.00,0.00,0.00,0.00,0.00,0.00,0.00,0.00,0.00,0.00,0.00,0.00,0.00,0.00,0.00,0.00,0.00,0.00,0.00,0.00,0.00,0.00,0.00,0.00,0.00,0.00,0.00,0.00,0.00,0.00,0.00,0.00,0.00,0.00,0.00,0.00,0.00,0.00,0.00,0.00,0.00,0.00
0.00,0.00,0.00,0.00,0.00,0.00,0.00,0.00,0.00,0.00,0.00,0.00,0.00,0.00,0.00,0.00,0.00,0.00,,652.00,0.00,0.00,0.00,0.00,0.00,0.00,0.00,0.00,0.00,0.00,0.00,0.00,0.00,0.00,0.00,0.00,0.00,0.00,0.00,0.00,0.00,0.00,0.00,0.00,0.00,0.00,0.00,0.00,0.00,0.00,0.00,0.00,0.00,0.00,0.00,0.00,0.00,0.00,0.00,0.00,0.00,0.00,0.00,0.00,0.00,0.00,0.00,0.00,0.00,0.00,0.00,0.00,0.00,0.00,0.00,0.00,0.00,0.00,0.00,0.00,0.00,0.00
220.03,228.95,230.29,235.14,234.91,234.91,234.25,22.02,101.61,189.21,201.32,121.30,137.39,179.21,106.53,0.00,118.20,160.99,0.00,0.00,652.00,88.72,228.72,223.22,192.52,228.75,228.65,235.61,96.13,0.00,191.59,0.00,156.25,228.59,233.30,235.22,230.42,99.23,198.57,76.09,227.81,173.24,172.25,205.78,197.04,202.77,178.68,217.21,233.99,212.51,156.22,216.46,148.53,174.93,116.62,235.41,119.97,175.84,208.01,131.69,106.79,98.49,231.78,89.33,134.91,215.46,168.53,227.46,44.62,152.01,192.46,180.50,200.51,183.93,194.03,208.99,211.93,211.02,204.56,106.72,157.63,223.65
200.42,211.11,211.90,216.58,216.35,216.35,215.72,7.38,88.49,172.49,184.03,104.18,116.72,160.72,68.99,0.00,97.76,144.72,0.00,0.00,88.72,652.00,210.68,245.56,281.02,217.45,215.83,218.03,70.78,0.00,173.69,0.00,124.14,211.24,213.50,214.63,210.81,89.73,178.23,66.37,209.55,156.30,156.36,189.03,178.41,185.45,161.63,199.36,214.47,191.44,140.07,199.42,132.92,159.43,105.20,216.83,104.68,160.23,189.59,114.42,90.14,78.03,211.64,74.17,118.43,197.63,154.29,207.36,24.02,133.37,173.99,163.54,181.68,166.27,171.82,190.06,193.57,192.80,185.57,93.27,138.98,203.03
506.62,539.31,539.99,565.44,564.30,564.30,561.22,151.14,269.47,431.37,448.55,286.54,317.67,397.15,199.44,0.00,244.89,349.17,0.00,0.00,228.72,210.68,652.00,492.42,404.70,540.72,538.80,566.75,190.64,0.00,410.30,0.00,293.07,531.31,556.68,562.24,542.10,257.49,444.24,219.06,535.11,394.67,394.17,466.93,442.45,456.22,407.68,498.57,559.00,482.73,362.86,496.72,350.40,395.89,300.10,566.70,302.33,399.56,470.64,322.19,273.12,250.77,543.03,244.47,313.67,492.25,378.90,533.03,182.49,345.88,433.27,409.93,449.13,415.19,427.71,476.60,486.08,482.40,454.86,279.05,357.96,515.02
468.29,497.18,497.68,515.02,514.30,514.30,512.32,142.21,255.56,407.16,422.52,272.55,301.01,377.37,192.39,0.00,232.39,331.24,0.00,0.00,223.22,245.56,492.42,652.00,439.93,499.99,498.51,514.54,181.64,0.00,389.04,0.00,281.55,491.27,503.14,508.96,497.11,243.55,416.58,207.94,494.10,373.63,373.17,438.65,416.70,429.29,384.33,465.42,508.45,448.82,343.99,463.90,332.26,375.80,284.43,515.82,286.57,378.15,440.24,305.53,260.14,237.53,497.71,230.82,298.85,460.19,359.70,488.07,170.58,327.53,407.02,385.79,421.62,392.40,401.18,445.69,453.69,451.92,428.98,264.24,337.39,476.66
389.60,407.74,409.38,418.64,418.22,418.22,417.04,111.76,216.50,343.44,356.66,231.88,255.52,320.85,165.18,0.00,203.30,283.36,0.00,0.00,192.52,281.02,404.70,439.93,652.00,416.61,413.93,420.56,157.25,0.00,334.07,0.00,242.55,406.11,412.65,415.03,407.85,206.02,351.62,172.91,405.77,317.38,317.90,368.94,351.42,362.13,326.28,387.43,414.72,374.55,292.36,386.61,282.40,319.33,240.38,419.11,242.23,321.17,369.28,258.16,220.41,199.96,409.07,192.88,252.90,383.68,308.47,401.86,137.53,278.39,343.57,326.92,355.13,330.90,339.72,372.25,378.10,376.82,361.71,223.24,286.64,394.24
513.88,547.58,542.92,565.68,564.54,564.55,561.46,151.19,269.52,431.47,448.65,286.58,317.71,397.22,199.47,0.00,245.15,349.22,0.00,0.00,228.75,217.45,540.72,499.99,416.61,652.00,567.62,570.34,190.87,0.00,410.37,0.00,292.44,538.42,558.98,565.37,550.80,257.52,444.31,219.10,535.29,394.75,394.25,467.05,442.52,456.33,407.77,498.71,559.16,482.81,362.93,496.86,350.47,395.97,300.16,566.95,302.39,399.64,470.72,322.25,273.17,250.81,543.17,244.51,313.73,492.38,378.98,533.14,182.52,345.92,433.33,409.99,449.20,415.26,427.78,476.69,486.18,482.53,454.97,279.11,358.01,515.12
510.23,542.99,542.91,563.09,561.99,561.99,558.98,151.11,268.93,430.99,447.54,286.29,317.05,396.35,199.27,0.00,244.24,349.93,0.00,0.00,228.65,215.83,538.80,498.51,413.93,567.62,652.00,566.64,190.84,0.00,409.45,0.00,292.62,535.97,556.33,562.85,547.88,256.96,443.25,218.93,533.36,394.33,393.37,465.83,441.92,455.97,406.84,497.23,556.81,481.51,362.77,495.40,350.35,395.72,300.04,564.32,302.29,399.46,470.44,321.57,272.57,250.68,541.16,245.04,313.59,491.78,378.59,531.30,182.05,345.77,432.95,409.62,448.12,414.32,427.52,475.43,484.84,481.20,454.38,278.86,357.81,513.52
527.69,572.27,573.23,618.07,615.27,615.28,608.43,157.52,277.85,446.24,464.78,294.41,326.30,409.93,206.51,0.00,251.40,358.79,0.00,0.00,235.61,218.03,566.75,514.54,420.56,570.34,566.64,652.00,196.47,0.00,423.81,0.00,301.34,561.32,588.96,604.25,572.62,264.75,458.51,226.46,566.44,407.30,406.78,484.94,458.19,473.15,419.54,520.85,604.05,500.58,374.04,518.70,361.11,408.58,309.22,621.44,311.52,412.45,489.08,331.95,281.58,258.76,577.67,251.52,323.17,513.51,390.77,559.76,189.30,355.37,446.73,422.05,465.43,429.00,440.85,495.73,506.46,502.26,471.66,287.65,367.81,540.58
182.18,190.39,191.60,196.07,195.85,195.85,195.25,-0.27,73.42,155.08,164.50,88.74,105.39,145.00,66.29,0.00,95.48,136.34,0.00,0.00,96.13,70.78,190.64,181.64,157.25,190.87,190.84,196.47,652.00,0.00,161.65,0.00,118.84,190.20,195.04,195.60,191.22,69.54,161.40,45.21,189.35,138.04,139.03,169.03,161.55,165.71,143.98,179.59,194.99,174.73,123.03,179.67,118.21,140.23,87.63,196.31,89.40,141.74,172.60,103.54,82.87,69.27,192.25,61.45,105.49,178.03,137.43,189.02,13.88,116.38,156.82,145.95,164.05,147.74,157.64,171.62,175.14,173.93,168.65,79.83,124.24,185.04
0.00,0.00,0.00,0.00,0.00,0.00,0.00,0.00,0.00,0.00,0.00,0.00,0.00,0.00,0.00,0.00,0.00,0.00,0.00,0.00,0.00,0.00,0.00,0.00,0.00,0.00,0.00,0.00,0.00,652.00,0.00,0.00,0.00,0.00,0.00,0.00,0.00,0.00,0.00,0.00,0.00,0.00,0.00,0.00,0.00,0.00,0.00,0.00,0.00,0.00,0.00,0.00,0.00,0.00,0.00,0.00,0.00,0.00,0.00,0.00,0.00,0.00,0.00,0.00,0.00,0.00,0.00,0.00,0.00,0.00,0.00,0.00,0.00,0.00,0.00,0.00,0.00,0.00,0.00,0.00,0.00,0.00
395.05,412.36,414.58,423.48,423.05,423.05,421.85,113.25,217.85,346.38,359.90,235.52,259.78,322.02,163.67,0.00,211.53,292.91,0.00,0.00,191.59,173.69,410.30,389.04,334.07,410.37,409.45,423.81,161.65,0.00,652.00,0.00,250.69,409.55,417.21,420.85,412.31,207.10,355.62,176.53,410.36,321.15,321.02,373.32,356.53,366.48,330.11,392.09,420.77,379.78,295.80,390.87,285.76,322.05,243.41,423.96,245.29,324.93,374.77,264.61,221.85,204.24,415.35,196.72,261.16,388.26,311.50,407.70,141.45,284.04,347.80,330.57,360.95,335.50,345.87,377.11,383.06,380.91,367.36,227.06,291.90,399.84
0.00,0.00,0.00,0.00,0.00,0.00,0.00,0.00,0.00,0.00,0.00,0.00,0.00,0.00,0.00,0.00,0.00,0.00,0.00,0.00,0.00,0.00,0.00,0.00,0.00,0.00,0.00,0.00,0.00,0.00,0.00,652.00,0.00,0.00,0.00,0.00,0.00,0.00,0.00,0.00,0.00,0.00,0.00,0.00,0.00,0.00,0.00,0.00,0.00,0.00,0.00,0.00,0.00,0.00,0.00,0.00,0.00,0.00,0.00,0.00,0.00,0.00,0.00,0.00,0.00,0.00,0.00,0.00,0.00,0.00,0.00,0.00,0.00,0.00,0.00,0.00,0.00,0.00,0.00,0.00,0.00,0.00
281.98,293.49,295.16,300.82,300.54,300.54,299.76,57.28,145.28,246.95,259.38,162.09,182.09,230.64,137.85,0.00,163.35,219.84,0.00,0.00,156.25,124.14,293.07,281.55,242.55,292.44,292.62,301.34,118.84,0.00,250.69,0.00,652.00,292.40,297.88,299.40,293.74,137.74,256.39,112.08,292.15,228.19,227.09,266.40,255.83,262.98,234.11,279.78,299.41,273.37,208.87,279.53,199.80,228.49,165.18,301.13,167.98,230.85,267.84,182.22,150.56,135.48,295.97,131.55,179.29,277.09,223.03,290.73,80.11,199.23,249.70,238.69,262.58,239.80,248.19,269.63,273.53,272.67,261.96,152.31,206.89,287.93
504.42,540.03,541.08,563.33,562.22,562.22,559.21,151.27,269.53,430.53,447.64,284.94,315.85,395.39,199.73,0.00,245.02,347.18,0.00,0.00,228.59,211.24,531.31,491.27,406.11,538.42,535.97,561.32,190.20,0.00,409.55,0.00,292.40,652.00,551.47,556.93,540.41,255.86,440.20,218.95,533.54,394.83,394.56,467.15,442.95,456.58,406.61,497.37,553.48,477.69,363.17,497.21,350.80,396.18,300.44,564.56,302.62,399.91,467.76,321.63,272.63,250.18,538.40,243.06,313.12,491.10,378.23,525.61,182.00,343.10,429.38,406.43,447.89,413.23,423.94,474.05,483.40,481.32,455.04,279.14,355.22,511.13
523.13,560.95,558.83,587.29,585.77,585.78,581.75,154.45,273.81,438.99,456.84,291.07,322.63,403.70,203.09,0.00,249.23,354.65,0.00,0.00,233.30,213.50,556.68,503.14,412.65,558.98,556.33,588.96,195.04,0.00,417.21,0.00,297.88,551.47,652.00,582.99,584.30,261.68,452.32,222.88,550.23,401.17,400.66,476.09,450.45,464.86,414.54,509.75,578.81,492.74,368.63,507.75,355.93,402.42,304.82,588.99,307.09,406.19,479.95,327.24,277.50,255.68,559.36,248.53,318.59,502.95,385.02,547.77,186.01,352.32,442.34,416.82,457.41,422.25,435.17,486.25,496.33,492.45,463.43,284.32,364.58,527.61
524.92,564.28,565.15,602.11,600.17,600.17,595.11,156.16,276.07,443.02,461.24,293.42,325.21,407.14,204.98,0.00,250.51,357.51,0.00,0.00,235.22,214.63,562.24,508.96,415.03,565.37,562.85,604.25,195.60,0.00,420.85,0.00,299.40,556.93,582.99,652.00,585.46,263.85,456.60,224.86,558.95,404.58,404.07,480.99,454.70,469.45,418.15,515.85,591.47,498.15,371.64,513.77,358.82,405.85,307.28,604.34,309.56,409.67,484.95,329.87,279.78,257.04,569.00,250.64,321.14,508.77,388.22,556.23,187.83,354.13,444.97,420.45,461.81,425.97,439.12,491.45,501.87,497.86,467.99,285.82,366.57,534.61
514.84,549.49,547.08,571.28,570.07,570.07,566.78,152.12,270.75,433.60,450.97,287.86,319.11,399.06,200.51,0.00,245.53,351.64,0.00,0.00,230.42,210.81,542.10,497.11,407.85,550.80,547.88,572.62,191.22,0.00,412.31,0.00,293.74,540.41,584.30,585.46,652.00,258.71,446.57,220.82,539.37,396.57,396.07,469.59,444.76,458.74,409.69,501.79,564.34,485.60,364.55,499.90,352.03,397.80,301.49,572.64,303.73,401.50,473.32,323.67,274.41,252.81,547.55,245.66,315.11,495.34,380.70,537.14,183.52,348.46,436.86,411.93,451.52,417.24,430.91,479.38,489.02,485.31,457.36,281.16,360.56,518.58
248.11,257.61,259.12,264.27,264.01,264.01,263.30,40.14,132.54,215.74,226.27,145.86,165.95,206.52,76.13,0.00,112.60,172.94,0.00,0.00,99.23,89.73,257.49,243.55,206.02,257.52,256.96,264.75,69.54,0.00,207.10,0.00,137.74,255.86,261.68,263.85,258.71,652.00,236.42,187.41,256.39,199.48,198.22,233.70,223.10,229.74,204.70,245.10,263.00,241.07,179.62,244.90,171.82,199.99,139.68,264.55,145.12,203.03,235.20,155.73,127.76,115.28,260.74,107.17,159.16,242.64,193.10,257.87,60.16,174.43,222.45,208.06,227.77,210.89,222.61,238.33,241.65,240.21,231.32,131.02,182.77,250.99
425.67,444.65,447.00,457.61,458.22,458.22,455.69,125.08,232.71,370.98,386.50,251.69,279.40,348.27,173.01,0.00,211.61,308.03,0.00,0.00,198.57,178.23,444.24,416.58,351.62,444.31,443.25,458.51,161.40,0.00,355.62,0.00,256.39,440.20,452.32,456.60,446.57,236.42,652.00,201.42,442.34,342.66,342.80,399.28,382.23,393.37,353.38,421.37,455.03,412.44,316.25,418.75,304.82,343.51,260.39,458.17,263.09,346.55,402.45,280.16,237.39,218.03,450.13,211.80,274.18,417.07,331.12,443.33,155.34,305.32,375.93,358.95,388.15,360.88,373.53,405.12,411.77,408.98,391.21,242.16,313.40,433.40
210.42,220.70,221.43,226.07,225.84,225.84,225.19,26.24,107.82,182.01,193.08,118.61,136.88,176.23,55.66,0.00,86.21,143.89,0.00,0.00,76.09,66.37,219.06,207.94,172.91,219.10,218.93,226.46,45.21,0.00,176.53,0.00,112.08,218.95,222.88,224.86,220.82,187.41,201.42,652.00,218.89,164.68,165.88,198.01,188.19,195.57,170.12,208.59,224.86,202.13,148.49,208.46,142.94,168.34,113.01,226.33,115.07,169.24,200.64,125.79,99.84,90.21,222.90,82.81,126.99,206.79,161.70,217.66,42.39,145.47,186.05,176.67,194.59,177.50,187.59,201.16,204.68,204.67,198.56,103.54,151.74,214.65
503.86,541.70,542.39,568.57,567.39,567.39,564.20,151.68,270.17,432.58,449.86,285.41,316.44,397.16,199.23,0.00,243.32,347.84,0.00,0.00,227.81,209.55,535.11,494.10,405.77,535.29,533.36,566.44,189.35,0.00,410.36,0.00,292.15,533.54,550.23,558.95,539.37,256.39,442.34,218.89,652.00,401.36,396.07,469.70,443.41,460.32,410.23,502.60,558.17,482.78,363.78,498.44,351.29,396.93,300.85,569.88,303.83,400.62,470.23,323.00,273.82,250.74,542.44,243.43,314.45,495.21,379.88,536.87,182.33,344.56,431.41,408.27,448.84,415.13,425.93,476.61,486.09,483.98,456.22,279.76,356.74,514.37
380.02,397.59,400.97,408.04,407.63,407.63,406.51,105.97,210.42,335.14,348.79,223.05,250.74,312.29,147.36,0.00,187.95,273.37,0.00,0.00,173.24,156.30,394.67,373.63,317.38,394.75,394.33,407.30,138.04,0.00,321.15,0.00,228.19,394.83,401.17,404.58,396.57,199.48,342.66,164.68,401.36,652.00,333.87,375.30,361.48,374.78,339.60,387.53,407.01,373.15,292.31,380.98,284.92,314.59,240.53,408.48,243.99,318.95,363.75,252.20,213.68,194.02,400.48,188.05,247.46,385.60,298.00,396.29,132.82,273.09,338.25,320.65,349.06,325.07,334.37,363.96,369.01,367.77,353.29,217.67,282.23,386.02
379.79,397.09,399.39,407.51,407.11,407.11,405.99,106.96,209.60,334.26,348.33,222.81,249.13,310.24,147.90,0.00,185.64,271.96,0.00,0.00,172.25,156.36,394.17,373.17,317.90,394.25,393.37,406.78,139.03,0.00,321.02,0.00,227.09,394.56,400.66,404.07,396.07,198.22,342.80,165.88,396.07,333.87,652.00,374.45,359.75,374.72,347.87,388.31,403.77,366.45,293.87,380.63,286.91,317.19,246.20,407.96,244.65,319.51,364.40,252.75,211.79,193.93,398.92,185.28,246.01,381.29,297.26,395.60,131.60,271.15,335.91,320.23,348.20,324.07,331.99,362.91,368.56,367.32,352.65,217.10,281.10,384.13
447.04,471.02,475.29,486.03,485.43,485.43,483.79,134.82,247.46,389.83,406.75,261.91,289.73,362.14,179.10,0.00,222.61,316.75,0.00,0.00,205.78,189.03,466.93,438.65,368.94,467.05,465.83,484.94,169.03,0.00,373.32,0.00,266.40,467.15,476.09,480.99,469.59,233.70,399.28,198.01,469.70,375.30,374.45,652.00,472.68,423.16,384.56,449.23,482.33,430.99,341.91,443.21,329.20,369.22,286.27,486.68,284.52,371.52,429.04,294.17,250.29,229.07,474.72,222.46,288.76,443.01,345.69,464.82,163.91,315.49,391.56,371.44,405.69,377.32,386.78,425.40,432.66,431.05,411.79,255.51,326.94,453.18
425.13,444.42,448.19,457.37,456.86,456.86,455.45,126.06,235.48,371.25,386.36,250.61,276.99,348.69,169.61,0.00,211.77,304.28,0.00,0.00,197.04,178.41,442.45,416.70,351.42,442.52,441.92,458.19,161.55,0.00,356.53,0.00,255.83,442.95,450.45,454.70,444.76,223.10,382.23,188.19,443.41,361.48,359.75,472.68,652.00,402.70,369.70,424.97,456.25,414.06,324.82,423.36,314.74,352.66,271.68,457.92,272.02,356.32,408.68,280.82,238.36,220.10,449.57,214.49,274.59,420.95,329.66,443.21,155.69,302.14,375.00,356.19,387.98,361.69,370.81,404.87,411.51,408.79,391.78,242.63,313.77,432.93
437.47,460.08,464.89,474.16,473.61,473.61,472.07,131.79,243.55,382.90,398.86,257.32,286.01,355.56,175.49,0.00,218.76,311.68,0.00,0.00,202.77,185.45,456.22,429.29,362.13,456.33,455.97,473.15,165.71,0.00,366.48,0.00,262.98,456.58,464.86,469.45,458.74,229.74,393.37,195.57,460.32,374.78,374.72,423.16,402.70,652.00,388.34,445.52,475.97,421.20,333.29,437.30,322.96,360.35,275.21,474.78,275.57,361.46,414.82,288.73,246.20,225.28,464.23,218.04,284.35,445.61,339.98,460.71,159.47,309.97,384.92,365.24,398.94,370.22,380.44,416.57,423.55,422.01,404.59,251.95,320.88,443.17
392.69,409.34,411.50,420.32,419.89,419.89,418.71,110.51,215.89,344.00,357.39,229.28,256.26,320.26,151.82,0.00,193.14,280.92,0.00,0.00,178.68,161.63,407.68,384.33,326.28,407.77,406.84,419.54,143.98,0.00,330.11,0.00,234.11,406.61,414.54,418.15,409.69,204.70,353.38,170.12,410.23,339.60,347.87,384.56,369.70,388.34,652.00,440.47,419.69,379.49,302.15,392.39,293.34,328.24,249.51,420.79,250.54,329.90,375.36,259.46,218.41,199.68,411.07,194.19,253.27,394.75,305.78,409.93,137.47,279.08,345.64,328.51,356.50,333.72,341.74,374.56,379.53,378.24,362.75,223.86,288.94,395.76
473.61,503.52,506.65,522.24,521.48,521.48,519.39,142.71,258.42,411.12,428.24,273.20,303.11,379.79,189.27,0.00,232.71,333.07,0.00,0.00,217.21,199.36,498.57,465.42,387.43,498.71,497.23,520.85,179.59,0.00,392.09,0.00,279.78,497.37,509.75,515.85,501.79,245.10,421.37,208.59,502.60,387.53,388.31,449.23,424.97,445.52,440.47,652.00,517.92,453.61,352.22,470.92,341.46,382.26,291.70,523.08,293.57,385.62,448.52,309.41,262.02,239.60,506.04,232.50,301.25,471.50,363.63,496.90,172.78,330.04,411.39,389.96,425.83,396.28,406.46,450.40,458.60,456.79,434.03,267.66,341.70,482.23
522.32,563.45,568.09,600.67,598.78,598.78,593.84,156.02,275.87,442.67,460.86,292.52,324.22,407.07,204.99,0.00,249.71,356.48,0.00,0.00,233.99,214.47,559.00,508.45,414.72,559.16,556.81,604.05,194.99,0.00,420.77,0.00,299.41,553.48,578.81,591.47,564.34,263.00,455.03,224.86,558.17,407.01,403.77,482.33,456.25,475.97,419.69,517.92,652.00,498.78,371.38,513.24,358.57,405.55,307.07,602.83,309.35,409.37,484.95,329.64,279.58,257.01,572.87,249.83,320.92,508.26,387.95,556.33,187.83,353.09,443.45,419.11,461.80,425.92,437.66,491.35,501.76,497.39,467.59,285.62,365.39,534.64
460.40,483.13,485.86,499.32,498.67,498.67,496.89,136.77,249.92,398.04,413.83,268.16,297.62,371.04,183.65,0.00,226.99,326.16,0.00,0.00,212.51,191.44,482.73,448.82,374.55,482.81,481.51,500.58,174.73,0.00,379.78,0.00,273.37,477.69,492.74,498.15,485.60,241.07,412.44,202.13,482.78,373.15,366.45,430.99,414.06,421.20,379.49,453.61,498.78,652.00,339.14,458.51,332.51,369.48,283.07,500.03,284.71,377.46,436.76,299.02,254.26,233.93,488.37,227.80,291.04,448.68,351.33,488.51,168.62,325.82,404.70,382.95,418.36,387.43,399.75,438.97,445.82,440.86,418.16,258.41,336.18,472.54
349.93,365.46,367.16,374.69,374.33,374.33,373.35,90.79,189.89,309.03,321.53,205.16,230.69,285.79,130.41,0.00,168.16,250.59,0.00,0.00,156.22,140.07,362.86,343.99,292.36,362.93,362.77,374.04,123.03,0.00,295.80,0.00,208.87,363.17,368.63,371.64,364.55,179.62,316.25,148.49,363.78,292.31,293.87,341.91,324.82,333.29,302.15,352.22,371.38,339.14,652.00,363.50,357.94,374.05,317.74,376.12,325.25,392.07,391.83,230.84,193.82,176.16,366.82,169.35,227.58,348.56,275.06,361.75,115.66,249.35,310.67,295.14,320.81,299.89,307.23,334.66,339.81,338.68,325.64,198.47,259.33,354.63
473.70,501.61,502.12,520.06,519.31,519.31,517.25,142.57,258.15,409.94,425.49,272.35,302.85,377.42,189.24,0.00,231.55,331.13,0.00,0.00,216.46,199.42,496.72,463.90,386.61,496.86,495.40,518.70,179.67,0.00,390.87,0.00,279.53,497.21,507.75,513.77,499.90,244.90,418.75,208.46,498.44,380.98,380.63,443.21,423.36,437.30,392.39,470.92,513.24,458.51,363.50,652.00,352.51,394.12,300.05,520.88,301.56,397.61,448.49,307.48,260.25,239.36,502.16,233.54,300.27,466.56,361.31,492.25,172.76,328.02,408.88,387.70,426.02,394.01,403.89,448.99,457.13,455.33,432.41,266.71,339.55,480.56
338.10,352.89,354.58,361.73,361.39,361.39,360.44,88.04,183.92,298.50,310.32,196.47,222.00,275.92,123.37,0.00,161.94,242.16,0.00,0.00,148.53,132.92,350.40,332.26,282.40,350.47,350.35,361.11,118.21,0.00,285.76,0.00,199.80,350.80,355.93,358.82,352.03,171.82,304.82,142.94,351.29,284.92,286.91,329.20,314.74,322.96,293.34,341.46,358.57,332.51,357.94,352.51,652.00,369.17,306.64,363.09,304.91,378.81,384.57,222.92,185.55,171.10,354.25,162.87,218.59,337.51,264.69,349.01,109.50,240.18,298.87,283.92,308.77,289.30,295.65,323.27,328.24,327.15,314.73,189.54,249.11,341.77
381.31,398.83,400.83,409.32,408.92,408.92,407.79,107.64,210.28,336.30,349.64,223.46,251.35,311.32,148.27,0.00,187.48,273.65,0.00,0.00,174.93,159.43,395.89,375.80,319.33,395.97,395.72,408.58,140.23,0.00,322.05,0.00,228.49,396.18,402.42,405.85,397.80,199.99,343.51,168.34,396.93,314.59,317.19,369.22,352.66,360.35,328.24,382.26,405.55,369.48,374.05,394.12,369.17,652.00,339.53,410.91,332.47,405.48,424.59,252.84,211.50,193.75,400.43,188.41,247.80,378.55,298.86,393.15,132.08,272.96,336.71,320.05,347.78,325.35,334.15,364.44,370.12,369.85,354.44,218.37,281.82,386.57
289.50,302.23,303.76,309.75,309.46,309.46,308.66,60.18,150.47,254.70,265.72,161.39,185.18,234.56,94.55,0.00,129.99,203.38,0.00,0.00,116.62,105.20,300.10,284.43,240.38,300.16,300.04,309.22,87.63,0.00,243.41,0.00,165.18,300.44,304.82,307.28,301.49,139.68,260.39,113.01,300.85,240.53,246.20,286.27,271.68,275.21,249.51,291.70,307.07,283.07,317.74,300.05,306.64,339.53,652.00,310.93,293.62,337.25,328.02,186.31,152.13,137.55,303.45,130.40,182.62,289.14,225.06,298.10,81.54,202.79,255.86,242.35,264.49,246.44,252.86,276.59,280.92,279.97,269.14,156.45,212.11,292.67
527.27,575.98,576.99,628.06,624.24,624.24,615.66,158.10,278.62,447.65,466.33,294.23,326.10,410.01,206.34,0.00,251.21,358.53,0.00,0.00,235.41,216.83,566.70,515.82,419.11,566.95,564.32,621.44,196.31,0.00,423.96,0.00,301.13,564.56,588.99,604.34,572.64,264.55,458.17,226.33,569.88,408.48,407.96,486.68,457.92,474.78,420.79,523.08,602.83,500.03,376.12,520.88,363.09,410.91,310.93,652.00,313.28,414.82,490.43,332.85,282.36,258.78,577.06,251.33,324.05,515.62,391.88,558.81,189.18,355.14,446.40,421.75,465.22,429.02,440.53,495.88,506.61,504.21,473.27,288.45,367.76,539.95
291.60,304.48,306.04,312.05,311.76,311.76,310.96,61.01,153.38,257.57,268.15,163.88,186.65,236.46,94.50,0.00,130.85,205.72,0.00,0.00,119.97,104.68,302.33,286.57,242.23,302.39,302.29,311.52,89.40,0.00,245.29,0.00,167.98,302.62,307.09,309.56,303.73,145.12,263.09,115.07,303.83,243.99,244.65,284.52,272.02,275.57,250.54,293.57,309.35,284.71,325.25,301.56,304.91,332.47,293.62,313.28,652.00,343.10,332.76,188.06,153.14,138.84,305.73,132.38,183.53,292.27,226.95,300.33,82.49,205.24,257.71,244.27,266.42,248.34,255.60,278.68,283.04,282.76,271.16,157.82,212.56,295.50
384.84,402.54,404.56,413.20,412.79,412.79,411.64,110.29,212.45,339.35,352.56,225.59,253.78,314.06,149.64,0.00,189.07,276.20,0.00,0.00,175.84,160.23,399.56,378.15,321.17,399.64,399.46,412.45,141.74,0.00,324.93,0.00,230.85,399.91,406.19,409.67,401.50,203.03,346.55,169.24,400.62,318.95,319.51,371.52,356.32,361.46,329.90,385.62,409.37,377.46,392.07,397.61,378.81,405.48,337.25,414.82,343.10,652.00,426.51,255.18,214.44,196.31,404.16,190.61,250.88,382.22,301.57,396.79,134.61,274.53,339.76,322.95,350.92,328.89,337.08,367.70,373.45,373.08,357.70,220.49,284.27,389.31
449.37,472.90,475.89,488.08,487.47,487.47,485.81,135.11,246.05,391.95,407.11,261.95,291.73,363.26,180.08,0.00,222.35,320.02,0.00,0.00,208.01,189.59,470.64,440.24,369.28,470.72,470.44,489.08,172.60,0.00,374.77,0.00,267.84,467.76,479.95,484.95,473.32,235.20,402.45,200.64,470.23,363.75,364.40,429.04,408.68,414.82,375.36,448.52,484.95,436.76,391.83,448.49,384.57,424.59,328.02,490.43,332.76,426.51,652.00,295.26,250.29,230.32,477.51,223.08,288.31,442.85,347.67,468.86,163.40,317.18,394.15,374.02,406.20,378.78,389.73,428.28,435.64,432.59,413.21,255.59,328.12,457.02
309.86,324.47,326.16,332.51,332.20,332.20,331.34,71.18,165.95,273.51,285.91,177.29,197.86,255.85,107.85,0.00,146.54,220.40,0.00,0.00,131.69,114.42,322.19,305.53,258.16,322.25,321.57,331.95,103.54,0.00,264.61,0.00,182.22,321.63,327.24,329.87,323.67,155.73,280.16,125.79,323.00,252.20,252.75,294.17,280.82,288.73,259.46,309.41,329.64,299.02,230.84,307.48,222.92,252.84,186.31,332.85,188.06,255.18,295.26,652.00,301.23,166.17,325.81,146.29,199.72,306.94,241.88,320.06,92.86,218.20,275.14,261.10,282.70,264.66,270.75,297.21,301.80,300.80,287.89,170.58,228.80,314.28
262.34,275.10,276.67,282.07,281.80,281.80,281.06,50.66,137.65,230.06,243.55,150.68,168.23,219.70,86.01,0.00,119.30,182.46,0.00,0.00,106.79,90.14,273.12,260.14,220.41,273.17,272.57,281.58,82.87,0.00,221.85,0.00,150.56,272.63,277.50,279.78,274.41,127.76,237.39,99.84,273.82,213.68,211.79,250.29,238.36,246.20,218.41,262.02,279.58,254.26,193.82,260.25,185.55,211.50,152.13,282.36,153.14,214.44,250.29,301.23,652.00,158.68,276.35,119.08,171.17,260.41,207.49,271.26,70.35,182.51,232.55,221.56,240.71,224.04,232.38,251.19,255.24,254.36,243.49,138.46,193.00,267.66
241.33,251.94,253.42,258.50,258.25,258.25,257.55,41.55,125.20,210.89,222.09,141.36,158.34,199.99,72.39,0.00,108.53,170.50,0.00,0.00,98.49,78.03,250.77,237.53,199.96,250.81,250.68,258.76,69.27,0.00,204.24,0.00,135.48,250.18,255.68,257.04,252.81,115.28,218.03,90.21,250.74,194.02,193.93,229.07,220.10,225.28,199.68,239.60,257.01,233.93,176.16,239.36,171.10,193.75,137.55,258.78,138.84,196.31,230.32,166.17,158.68,652.00,253.92,111.60,158.04,238.65,193.27,249.96,59.53,168.31,214.22,204.38,220.96,205.72,214.50,231.03,234.91,232.34,226.57,127.31,177.86,246.46
510.41,546.93,554.23,575.63,574.34,574.34,570.88,153.59,272.61,435.16,454.29,289.07,320.42,403.25,202.19,0.00,246.61,352.13,0.00,0.00,231.78,211.64,543.03,497.71,409.07,543.17,541.16,577.67,192.25,0.00,415.35,0.00,295.97,538.40,559.36,569.00,547.55,260.74,450.13,222.90,542.44,400.48,398.92,474.72,449.57,464.23,411.07,506.04,572.87,488.37,366.82,502.16,354.25,400.43,303.45,577.06,305.73,404.16,477.51,325.81,276.35,253.92,652.00,246.80,318.36,499.34,384.58,540.45,185.91,349.89,437.27,413.51,455.04,420.12,433.13,481.61,491.39,487.37,460.86,282.21,361.09,521.60
235.54,244.61,246.08,251.06,250.81,250.81,250.12,32.30,115.60,203.66,214.59,131.05,150.17,190.45,66.49,0.00,100.66,163.68,0.00,0.00,89.33,74.17,244.47,230.82,192.88,244.51,245.04,251.52,61.45,0.00,196.72,0.00,131.55,243.06,248.53,250.64,245.66,107.17,211.80,82.81,243.43,188.05,185.28,222.46,214.49,218.04,194.19,232.50,249.83,227.80,169.35,233.54,162.87,188.41,130.40,251.33,132.38,190.61,223.08,146.29,119.08,111.60,246.80,652.00,149.26,231.66,187.84,243.19,54.76,161.09,209.66,196.74,214.01,197.44,205.60,224.99,227.79,225.35,217.85,118.81,169.94,238.74
301.64,315.88,317.61,323.72,323.42,323.42,322.58,67.44,165.53,266.65,278.03,179.15,199.17,251.80,109.98,0.00,146.91,216.45,0.00,0.00,134.91,118.43,313.67,298.85,252.90,313.73,313.59,323.17,105.49,0.00,261.16,0.00,179.29,313.12,318.59,321.14,315.11,159.16,274.18,126.99,314.45,247.46,246.01,288.76,274.59,284.35,253.27,301.25,320.92,291.04,227.58,300.27,218.59,247.80,182.62,324.05,183.53,250.88,288.31,199.72,171.17,158.04,318.36,149.26,652.00,303.18,259.06,311.59,96.27,217.29,267.93,255.69,276.65,258.66,270.02,289.67,293.76,292.78,282.45,168.66,225.52,305.95
468.14,497.00,499.90,514.82,514.10,514.11,512.12,142.06,256.95,407.72,423.81,271.37,300.25,377.46,187.48,0.00,231.37,330.61,0.00,0.00,215.46,197.63,492.25,460.19,383.68,492.38,491.78,513.51,178.03,0.00,388.26,0.00,277.09,491.10,502.95,508.77,495.34,242.64,417.07,206.79,495.21,385.60,381.29,443.01,420.95,445.61,394.75,471.50,508.26,448.68,348.56,466.56,337.51,378.55,289.14,515.62,292.27,382.22,442.85,306.94,260.41,238.65,499.34,231.66,303.18,652.00,363.22,487.90,171.54,327.66,408.02,386.85,421.50,392.40,403.29,445.56,453.55,451.78,430.16,265.53,339.18,476.50
364.14,381.66,383.76,391.46,391.08,391.08,390.03,101.68,200.96,322.91,337.59,218.54,243.96,304.18,144.47,0.00,181.14,264.55,0.00,0.00,168.53,154.29,378.90,359.70,308.47,378.98,378.59,390.77,137.43,0.00,311.50,0.00,223.03,378.23,385.02,388.22,380.70,193.10,331.12,161.70,379.88,298.00,297.26,345.69,329.66,339.98,305.78,363.63,387.95,351.33,275.06,361.31,264.69,298.86,225.06,391.88,226.95,301.57,347.67,241.88,207.49,193.27,384.58,187.84,259.06,363.22,652.00,376.34,127.15,262.36,324.32,309.22,333.96,311.64,321.11,349.21,354.60,353.42,341.46,210.16,274.43,369.40
503.02,533.22,536.74,557.65,556.61,556.61,553.77,150.31,267.63,428.20,445.12,285.96,317.01,395.89,198.11,0.00,243.06,347.43,0.00,0.00,227.46,207.36,533.03,488.07,401.86,533.14,531.30,559.76,189.02,0.00,407.70,0.00,290.73,525.61,547.77,556.23,537.14,257.87,443.33,217.66,536.87,396.29,395.60,464.82,443.21,460.71,409.93,496.90,556.33,488.51,361.75,492.25,349.01,393.15,298.10,558.81,300.33,396.79,468.86,320.06,271.26,249.96,540.45,243.19,311.59,487.90,376.34,652.00,181.82,346.08,432.25,409.00,447.56,413.85,426.72,474.69,484.09,478.30,451.32,277.17,357.16,512.93
174.57,183.36,185.31,188.95,188.74,188.74,188.14,3.32,78.80,148.20,160.28,95.15,112.64,146.08,20.51,0.00,55.51,110.66,0.00,0.00,44.62,24.02,182.49,170.58,137.53,182.52,182.05,189.30,13.88,0.00,141.45,0.00,80.11,182.00,186.01,187.83,183.52,60.16,155.34,42.39,182.33,132.82,131.60,163.91,155.69,159.47,137.47,172.78,187.83,168.62,115.66,172.76,109.50,132.08,81.54,189.18,82.49,134.61,163.40,92.86,70.35,59.53,185.91,54.76,96.27,171.54,127.15,181.82,652.00,132.26,162.32,150.47,164.49,154.74,160.84,172.36,172.48,179.05,181.66,133.21,153.93,184.41
332.98,346.14,348.88,354.77,354.44,354.44,353.51,88.08,186.55,292.71,307.47,199.27,227.32,279.80,125.84,0.00,163.76,243.01,0.00,0.00,152.01,133.37,345.88,327.53,278.39,345.92,345.77,355.37,116.38,0.00,284.04,0.00,199.23,343.10,352.32,354.13,348.46,174.43,305.32,145.47,344.56,273.09,271.15,315.49,302.14,309.97,279.08,330.04,353.09,325.82,249.35,328.02,240.18,272.96,202.79,355.14,205.24,274.53,317.18,218.20,182.51,168.31,349.89,161.09,217.29,327.66,262.36,346.08,132.26,652.00,333.79,318.20,324.27,307.40,324.92,336.11,333.16,340.25,335.05,238.61,279.84,347.14
415.57,433.61,437.16,445.87,445.39,445.39,444.06,123.61,234.50,364.32,381.83,253.32,279.13,344.03,165.26,0.00,209.80,300.67,0.00,0.00,192.46,173.99,433.27,407.02,343.57,433.33,432.95,446.73,156.82,0.00,347.80,0.00,249.70,429.38,442.34,444.97,436.86,222.45,375.93,186.05,431.41,338.25,335.91,391.56,375.00,384.92,345.64,411.39,443.45,404.70,310.67,408.88,298.87,336.71,255.86,446.40,257.71,339.76,394.15,275.14,232.55,214.22,437.27,209.66,267.93,408.02,324.32,432.25,162.32,333.79,652.00,373.69,392.41,388.84,391.62,405.21,410.04,409.95,394.44,261.61,329.99,426.58
393.82,410.26,412.20,421.28,420.85,420.85,419.66,110.98,219.31,345.27,360.51,237.06,260.97,327.11,155.67,0.00,198.30,286.84,0.00,0.00,180.50,163.54,409.93,385.79,326.92,409.99,409.62,422.05,145.95,0.00,330.57,0.00,238.69,406.43,416.82,420.45,411.93,208.06,358.95,176.67,408.27,320.65,320.23,371.44,356.19,365.24,328.51,389.96,419.11,382.95,295.14,387.70,283.92,320.05,242.35,421.75,244.27,322.95,374.02,261.10,221.56,204.38,413.51,196.74,255.69,386.85,309.22,409.00,150.47,318.20,373.69,652.00,383.51,362.07,373.47,387.50,396.51,394.15,376.25,253.55,329.70,404.44
